upper 0.000015 0.050000 0.000875 
upper 0.000062 0.050000 0.001747 
upper 0.000139 0.050000 0.002617 
upper 0.000248 0.050000 0.003483 
upper 0.000387 0.050000 0.004346 
upper 0.000558 0.050000 0.005207 
upper 0.000759 0.050000 0.006064 
upper 0.000992 0.050000 0.006918 
upper 0.001255 0.050000 0.007769 
upper 0.001549 0.050000 0.008617 
upper 0.001874 0.050000 0.009462 
upper 0.002230 0.050000 0.010304 
upper 0.002617 0.050000 0.011142 
upper 0.003035 0.050000 0.011977 
upper 0.003483 0.050000 0.012810 
upper 0.003962 0.050000 0.013638 
upper 0.004472 0.050000 0.014464 
upper 0.005013 0.050000 0.015286 
upper 0.005585 0.050000 0.016105 
upper 0.006187 0.050000 0.016920 
upper 0.006819 0.050000 0.017732 
upper 0.007483 0.050000 0.018540 
upper 0.008176 0.050000 0.019345 
upper 0.008901 0.050000 0.020146 
upper 0.009655 0.050000 0.020944 
upper 0.010441 0.050000 0.021738 
upper 0.011256 0.050000 0.022528 
upper 0.012102 0.050000 0.023314 
upper 0.012978 0.050000 0.024097 
upper 0.013884 0.050000 0.024876 
upper 0.014820 0.050000 0.025650 
upper 0.015787 0.050000 0.026421 
upper 0.016783 0.050000 0.027188 
upper 0.017810 0.050000 0.027951 
upper 0.018866 0.050000 0.028710 
upper 0.019952 0.050000 0.029465 
upper 0.021068 0.050000 0.030215 
upper 0.022214 0.050000 0.030961 
upper 0.023389 0.050000 0.031703 
upper 0.024594 0.050000 0.032440 
upper 0.025828 0.050000 0.033173 
upper 0.027091 0.050000 0.033902 
upper 0.028384 0.050000 0.034626 
upper 0.029706 0.050000 0.035345 
upper 0.031058 0.050000 0.036060 
upper 0.032438 0.050000 0.036769 
upper 0.033848 0.050000 0.037475 
upper 0.035286 0.050000 0.038175 
upper 0.036753 0.050000 0.038870 
upper 0.038249 0.050000 0.039561 
upper 0.039773 0.050000 0.040246 
upper 0.041326 0.050000 0.040926 
upper 0.042908 0.050000 0.041602 
upper 0.044517 0.050000 0.042272 
upper 0.046155 0.050000 0.042936 
upper 0.047821 0.050000 0.043596 
upper 0.049516 0.050000 0.044250 
upper 0.051238 0.050000 0.044898 
upper 0.052988 0.050000 0.045541 
upper 0.054765 0.050000 0.046178 
upper 0.056570 0.050000 0.046810 
upper 0.058403 0.050000 0.047436 
upper 0.060263 0.050000 0.048057 
upper 0.062150 0.050000 0.048671 
upper 0.064065 0.050000 0.049280 
upper 0.066006 0.050000 0.049882 
upper 0.067975 0.050000 0.050479 
upper 0.069970 0.050000 0.051070 
upper 0.071992 0.050000 0.051654 
upper 0.074040 0.050000 0.052232 
upper 0.076115 0.050000 0.052805 
upper 0.078216 0.050000 0.053370 
upper 0.080343 0.050000 0.053930 
upper 0.082497 0.050000 0.054483 
upper 0.084676 0.050000 0.055029 
upper 0.086881 0.050000 0.055569 
upper 0.089111 0.050000 0.056103 
upper 0.091367 0.050000 0.056630 
upper 0.093648 0.050000 0.057150 
upper 0.095955 0.050000 0.057663 
upper 0.098286 0.050000 0.058170 
upper 0.100643 0.050000 0.058670 
upper 0.103024 0.050000 0.059163 
upper 0.105430 0.050000 0.059648 
upper 0.107860 0.050000 0.060127 
upper 0.110315 0.050000 0.060599 
upper 0.112793 0.050000 0.061064 
upper 0.115296 0.050000 0.061522 
upper 0.117823 0.050000 0.061973 
upper 0.120373 0.050000 0.062416 
upper 0.122947 0.050000 0.062852 
upper 0.125544 0.050000 0.063281 
upper 0.128164 0.050000 0.063703 
upper 0.130808 0.050000 0.064117 
upper 0.133474 0.050000 0.064523 
upper 0.136163 0.050000 0.064923 
upper 0.138875 0.050000 0.065315 
upper 0.141609 0.050000 0.065699 
upper 0.144365 0.050000 0.066076 
upper 0.147143 0.050000 0.066445 
upper 0.149943 0.050000 0.066807 
upper 0.152765 0.050000 0.067160 
upper 0.155609 0.050000 0.067507 
upper 0.158473 0.050000 0.067845 
upper 0.161359 0.050000 0.068176 
upper 0.164266 0.050000 0.068500 
upper 0.167194 0.050000 0.068815 
upper 0.170142 0.050000 0.069123 
upper 0.173111 0.050000 0.069422 
upper 0.176100 0.050000 0.069715 
upper 0.179109 0.050000 0.069999 
upper 0.182138 0.050000 0.070275 
upper 0.185187 0.050000 0.070544 
upper 0.188255 0.050000 0.070804 
upper 0.191343 0.050000 0.071057 
upper 0.194449 0.050000 0.071302 
upper 0.197575 0.050000 0.071539 
upper 0.200719 0.050000 0.071768 
upper 0.203882 0.050000 0.071990 
upper 0.207064 0.050000 0.072203 
upper 0.210263 0.050000 0.072408 
upper 0.213481 0.050000 0.072606 
upper 0.216716 0.050000 0.072796 
upper 0.219969 0.050000 0.072977 
upper 0.223239 0.050000 0.073151 
upper 0.226526 0.050000 0.073317 
upper 0.229830 0.050000 0.073475 
upper 0.233151 0.050000 0.073626 
upper 0.236489 0.050000 0.073768 
upper 0.239842 0.050000 0.073903 
upper 0.243212 0.050000 0.074029 
upper 0.246598 0.050000 0.074148 
upper 0.250000 0.050000 0.074259 
upper 0.253417 0.050000 0.074363 
upper 0.256850 0.050000 0.074458 
upper 0.260297 0.050000 0.074546 
upper 0.263759 0.050000 0.074626 
upper 0.267236 0.050000 0.074699 
upper 0.270728 0.050000 0.074763 
upper 0.274233 0.050000 0.074821 
upper 0.277753 0.050000 0.074870 
upper 0.281286 0.050000 0.074912 
upper 0.284833 0.050000 0.074946 
upper 0.288394 0.050000 0.074973 
upper 0.291967 0.050000 0.074992 
upper 0.295553 0.050000 0.075004 
upper 0.302764 0.050000 0.075006 
upper 0.306387 0.050000 0.074996 
upper 0.310023 0.050000 0.074978 
upper 0.313670 0.050000 0.074953 
upper 0.317329 0.050000 0.074921 
upper 0.321000 0.050000 0.074882 
upper 0.324681 0.050000 0.074836 
upper 0.328374 0.050000 0.074782 
upper 0.332076 0.050000 0.074722 
upper 0.335790 0.050000 0.074654 
upper 0.339513 0.050000 0.074579 
upper 0.343247 0.050000 0.074498 
upper 0.346990 0.050000 0.074410 
upper 0.350743 0.050000 0.074315 
upper 0.354505 0.050000 0.074213 
upper 0.358275 0.050000 0.074104 
upper 0.362055 0.050000 0.073989 
upper 0.365843 0.050000 0.073867 
upper 0.369640 0.050000 0.073739 
upper 0.373445 0.050000 0.073604 
upper 0.377257 0.050000 0.073463 
upper 0.381077 0.050000 0.073315 
upper 0.384905 0.050000 0.073162 
upper 0.388740 0.050000 0.073001 
upper 0.392581 0.050000 0.072835 
upper 0.396429 0.050000 0.072663 
upper 0.400284 0.050000 0.072484 
upper 0.404145 0.050000 0.072299 
upper 0.408011 0.050000 0.072109 
upper 0.411884 0.050000 0.071912 
upper 0.415762 0.050000 0.071710 
upper 0.419645 0.050000 0.071502 
upper 0.423533 0.050000 0.071288 
upper 0.427426 0.050000 0.071069 
upper 0.431323 0.050000 0.070844 
upper 0.435225 0.050000 0.070614 
upper 0.439130 0.050000 0.070378 
upper 0.443040 0.050000 0.070137 
upper 0.446953 0.050000 0.069890 
upper 0.450869 0.050000 0.069638 
upper 0.454788 0.050000 0.069381 
upper 0.458710 0.050000 0.069119 
upper 0.462635 0.050000 0.068852 
upper 0.466562 0.050000 0.068580 
upper 0.470491 0.050000 0.068303 
upper 0.474422 0.050000 0.068021 
upper 0.478354 0.050000 0.067735 
upper 0.482288 0.050000 0.067444 
upper 0.486223 0.050000 0.067148 
upper 0.490159 0.050000 0.066847 
upper 0.494095 0.050000 0.066542 
upper 0.498032 0.050000 0.066233 
upper 0.501968 0.050000 0.065920 
upper 0.505905 0.050000 0.065602 
upper 0.509841 0.050000 0.065279 
upper 0.513777 0.050000 0.064953 
upper 0.517712 0.050000 0.064623 
upper 0.521646 0.050000 0.064288 
upper 0.525578 0.050000 0.063950 
upper 0.529509 0.050000 0.063608 
upper 0.533438 0.050000 0.063262 
upper 0.537365 0.050000 0.062912 
upper 0.541290 0.050000 0.062559 
upper 0.545212 0.050000 0.062202 
upper 0.549131 0.050000 0.061842 
upper 0.553047 0.050000 0.061478 
upper 0.556960 0.050000 0.061111 
upper 0.560870 0.050000 0.060740 
upper 0.564775 0.050000 0.060366 
upper 0.568677 0.050000 0.059989 
upper 0.572574 0.050000 0.059609 
upper 0.576467 0.050000 0.059226 
upper 0.580355 0.050000 0.058840 
upper 0.584238 0.050000 0.058451 
upper 0.588116 0.050000 0.058059 
upper 0.591989 0.050000 0.057665 
upper 0.595855 0.050000 0.057267 
upper 0.599716 0.050000 0.056868 
upper 0.603571 0.050000 0.056465 
upper 0.607419 0.050000 0.056060 
upper 0.611260 0.050000 0.055653 
upper 0.615095 0.050000 0.055243 
upper 0.618923 0.050000 0.054831 
upper 0.622743 0.050000 0.054417 
upper 0.626555 0.050000 0.054000 
upper 0.630360 0.050000 0.053582 
upper 0.634157 0.050000 0.053161 
upper 0.637945 0.050000 0.052739 
upper 0.641725 0.050000 0.052314 
upper 0.645495 0.050000 0.051888 
upper 0.649257 0.050000 0.051460 
upper 0.653010 0.050000 0.051030 
upper 0.656753 0.050000 0.050599 
upper 0.660487 0.050000 0.050166 
upper 0.664210 0.050000 0.049731 
upper 0.667924 0.050000 0.049295 
upper 0.671626 0.050000 0.048858 
upper 0.675319 0.050000 0.048419 
upper 0.679000 0.050000 0.047979 
upper 0.682671 0.050000 0.047538 
upper 0.686330 0.050000 0.047095 
upper 0.689977 0.050000 0.046652 
upper 0.693613 0.050000 0.046207 
upper 0.697236 0.050000 0.045762 
upper 0.700848 0.050000 0.045316 
upper 0.704447 0.050000 0.044868 
upper 0.708033 0.050000 0.044421 
upper 0.711606 0.050000 0.043972 
upper 0.715167 0.050000 0.043522 
upper 0.718714 0.050000 0.043072 
upper 0.722247 0.050000 0.042622 
upper 0.725767 0.050000 0.042171 
upper 0.729272 0.050000 0.041720 
upper 0.732764 0.050000 0.041268 
upper 0.736241 0.050000 0.040816 
upper 0.739703 0.050000 0.040363 
upper 0.743150 0.050000 0.039911 
upper 0.746583 0.050000 0.039458 
upper 0.750000 0.050000 0.039005 
upper 0.753402 0.050000 0.038553 
upper 0.756788 0.050000 0.038100 
upper 0.760158 0.050000 0.037647 
upper 0.763511 0.050000 0.037195 
upper 0.766849 0.050000 0.036743 
upper 0.770170 0.050000 0.036291 
upper 0.773474 0.050000 0.035839 
upper 0.776761 0.050000 0.035388 
upper 0.780031 0.050000 0.034937 
upper 0.783284 0.050000 0.034487 
upper 0.786519 0.050000 0.034038 
upper 0.789737 0.050000 0.033589 
upper 0.792936 0.050000 0.033140 
upper 0.796118 0.050000 0.032693 
upper 0.799281 0.050000 0.032246 
upper 0.802425 0.050000 0.031800 
upper 0.805551 0.050000 0.031355 
upper 0.808657 0.050000 0.030911 
upper 0.811745 0.050000 0.030468 
upper 0.814813 0.050000 0.030026 
upper 0.817862 0.050000 0.029585 
upper 0.820891 0.050000 0.029145 
upper 0.823900 0.050000 0.028707 
upper 0.826889 0.050000 0.028269 
upper 0.829858 0.050000 0.027834 
upper 0.832806 0.050000 0.027399 
upper 0.835734 0.050000 0.026967 
upper 0.838641 0.050000 0.026535 
upper 0.841527 0.050000 0.026105 
upper 0.844391 0.050000 0.025677 
upper 0.847235 0.050000 0.025251 
upper 0.850057 0.050000 0.024826 
upper 0.852857 0.050000 0.024404 
upper 0.855635 0.050000 0.023983 
upper 0.858391 0.050000 0.023564 
upper 0.861125 0.050000 0.023146 
upper 0.863837 0.050000 0.022731 
upper 0.866526 0.050000 0.022319 
upper 0.869192 0.050000 0.021908 
upper 0.871836 0.050000 0.021499 
upper 0.874456 0.050000 0.021093 
upper 0.877053 0.050000 0.020689 
upper 0.879627 0.050000 0.020287 
upper 0.882177 0.050000 0.019888 
upper 0.884704 0.050000 0.019491 
upper 0.887207 0.050000 0.019097 
upper 0.889685 0.050000 0.018705 
upper 0.892140 0.050000 0.018317 
upper 0.894570 0.050000 0.017930 
upper 0.896976 0.050000 0.017547 
upper 0.899357 0.050000 0.017166 
upper 0.901714 0.050000 0.016788 
upper 0.904045 0.050000 0.016413 
upper 0.906352 0.050000 0.016041 
upper 0.908633 0.050000 0.015672 
upper 0.910889 0.050000 0.015307 
upper 0.913119 0.050000 0.014944 
upper 0.915324 0.050000 0.014584 
upper 0.917503 0.050000 0.014228 
upper 0.919657 0.050000 0.013875 
upper 0.921784 0.050000 0.013525 
upper 0.923885 0.050000 0.013179 
upper 0.925960 0.050000 0.012836 
upper 0.928008 0.050000 0.012497 
upper 0.930030 0.050000 0.012161 
upper 0.932025 0.050000 0.011829 
upper 0.933994 0.050000 0.011501 
upper 0.935935 0.050000 0.011176 
upper 0.937850 0.050000 0.010855 
upper 0.939737 0.050000 0.010537 
upper 0.941597 0.050000 0.010224 
upper 0.943430 0.050000 0.009915 
upper 0.945235 0.050000 0.009609 
upper 0.947012 0.050000 0.009307 
upper 0.948762 0.050000 0.009010 
upper 0.950484 0.050000 0.008717 
upper 0.952179 0.050000 0.008427 
upper 0.953845 0.050000 0.008142 
upper 0.955483 0.050000 0.007861 
upper 0.957092 0.050000 0.007585 
upper 0.958674 0.050000 0.007312 
upper 0.960227 0.050000 0.007045 
upper 0.961751 0.050000 0.006781 
upper 0.963247 0.050000 0.006522 
upper 0.964714 0.050000 0.006268 
upper 0.966152 0.050000 0.006018 
upper 0.967562 0.050000 0.005772 
upper 0.968942 0.050000 0.005531 
upper 0.970294 0.050000 0.005295 
upper 0.971616 0.050000 0.005064 
upper 0.972909 0.050000 0.004837 
upper 0.974172 0.050000 0.004615 
upper 0.975406 0.050000 0.004398 
upper 0.976611 0.050000 0.004186 
upper 0.977786 0.050000 0.003979 
upper 0.978932 0.050000 0.003776 
upper 0.980048 0.050000 0.003579 
upper 0.981134 0.050000 0.003386 
upper 0.982190 0.050000 0.003199 
upper 0.983217 0.050000 0.003016 
upper 0.984213 0.050000 0.002839 
upper 0.985180 0.050000 0.002667 
upper 0.986116 0.050000 0.002500 
upper 0.987022 0.050000 0.002338 
upper 0.987898 0.050000 0.002182 
upper 0.988744 0.050000 0.002030 
upper 0.989559 0.050000 0.001884 
upper 0.990345 0.050000 0.001743 
upper 0.991099 0.050000 0.001608 
upper 0.991824 0.050000 0.001478 
upper 0.992517 0.050000 0.001353 
upper 0.993181 0.050000 0.001234 
upper 0.993813 0.050000 0.001120 
upper 0.994415 0.050000 0.001011 
upper 0.994987 0.050000 0.000908 
upper 0.995528 0.050000 0.000810 
upper 0.996038 0.050000 0.000718 
upper 0.996517 0.050000 0.000631 
upper 0.996965 0.050000 0.000550 
upper 0.997383 0.050000 0.000475 
upper 0.997770 0.050000 0.000405 
upper 0.998126 0.050000 0.000340 
upper 0.998451 0.050000 0.000281 
upper 0.998745 0.050000 0.000228 
upper 0.999008 0.050000 0.000180 
upper 0.999241 0.050000 0.000138 
upper 0.999442 0.050000 0.000101 
upper 0.999613 0.050000 0.000070 
upper 0.999752 0.050000 0.000045 
upper 0.999861 0.050000 0.000025 
upper 0.999938 0.050000 0.000011 
upper 0.999985 0.050000 0.000003 
lower 0.000015 0.050000 -0.000875 
lower 0.000062 0.050000 -0.001747 
lower 0.000139 0.050000 -0.002617 
lower 0.000248 0.050000 -0.003483 
lower 0.000387 0.050000 -0.004346 
lower 0.000558 0.050000 -0.005207 
lower 0.000759 0.050000 -0.006064 
lower 0.000992 0.050000 -0.006918 
lower 0.001255 0.050000 -0.007769 
lower 0.001549 0.050000 -0.008617 
lower 0.001874 0.050000 -0.009462 
lower 0.002230 0.050000 -0.010304 
lower 0.002617 0.050000 -0.011142 
lower 0.003035 0.050000 -0.011977 
lower 0.003483 0.050000 -0.012810 
lower 0.003962 0.050000 -0.013638 
lower 0.004472 0.050000 -0.014464 
lower 0.005013 0.050000 -0.015286 
lower 0.005585 0.050000 -0.016105 
lower 0.006187 0.050000 -0.016920 
lower 0.006819 0.050000 -0.017732 
lower 0.007483 0.050000 -0.018540 
lower 0.008176 0.050000 -0.019345 
lower 0.008901 0.050000 -0.020146 
lower 0.009655 0.050000 -0.020944 
lower 0.010441 0.050000 -0.021738 
lower 0.011256 0.050000 -0.022528 
lower 0.012102 0.050000 -0.023314 
lower 0.012978 0.050000 -0.024097 
lower 0.013884 0.050000 -0.024876 
lower 0.014820 0.050000 -0.025650 
lower 0.015787 0.050000 -0.026421 
lower 0.016783 0.050000 -0.027188 
lower 0.017810 0.050000 -0.027951 
lower 0.018866 0.050000 -0.028710 
lower 0.019952 0.050000 -0.029465 
lower 0.021068 0.050000 -0.030215 
lower 0.022214 0.050000 -0.030961 
lower 0.023389 0.050000 -0.031703 
lower 0.024594 0.050000 -0.032440 
lower 0.025828 0.050000 -0.033173 
lower 0.027091 0.050000 -0.033902 
lower 0.028384 0.050000 -0.034626 
lower 0.029706 0.050000 -0.035345 
lower 0.031058 0.050000 -0.036060 
lower 0.032438 0.050000 -0.036769 
lower 0.033848 0.050000 -0.037475 
lower 0.035286 0.050000 -0.038175 
lower 0.036753 0.050000 -0.038870 
lower 0.038249 0.050000 -0.039561 
lower 0.039773 0.050000 -0.040246 
lower 0.041326 0.050000 -0.040926 
lower 0.042908 0.050000 -0.041602 
lower 0.044517 0.050000 -0.042272 
lower 0.046155 0.050000 -0.042936 
lower 0.047821 0.050000 -0.043596 
lower 0.049516 0.050000 -0.044250 
lower 0.051238 0.050000 -0.044898 
lower 0.052988 0.050000 -0.045541 
lower 0.054765 0.050000 -0.046178 
lower 0.056570 0.050000 -0.046810 
lower 0.058403 0.050000 -0.047436 
lower 0.060263 0.050000 -0.048057 
lower 0.062150 0.050000 -0.048671 
lower 0.064065 0.050000 -0.049280 
lower 0.066006 0.050000 -0.049882 
lower 0.067975 0.050000 -0.050479 
lower 0.069970 0.050000 -0.051070 
lower 0.071992 0.050000 -0.051654 
lower 0.074040 0.050000 -0.052232 
lower 0.076115 0.050000 -0.052805 
lower 0.078216 0.050000 -0.053370 
lower 0.080343 0.050000 -0.053930 
lower 0.082497 0.050000 -0.054483 
lower 0.084676 0.050000 -0.055029 
lower 0.086881 0.050000 -0.055569 
lower 0.089111 0.050000 -0.056103 
lower 0.091367 0.050000 -0.056630 
lower 0.093648 0.050000 -0.057150 
lower 0.095955 0.050000 -0.057663 
lower 0.098286 0.050000 -0.058170 
lower 0.100643 0.050000 -0.058670 
lower 0.103024 0.050000 -0.059163 
lower 0.105430 0.050000 -0.059648 
lower 0.107860 0.050000 -0.060127 
lower 0.110315 0.050000 -0.060599 
lower 0.112793 0.050000 -0.061064 
lower 0.115296 0.050000 -0.061522 
lower 0.117823 0.050000 -0.061973 
lower 0.120373 0.050000 -0.062416 
lower 0.122947 0.050000 -0.062852 
lower 0.125544 0.050000 -0.063281 
lower 0.128164 0.050000 -0.063703 
lower 0.130808 0.050000 -0.064117 
lower 0.133474 0.050000 -0.064523 
lower 0.136163 0.050000 -0.064923 
lower 0.138875 0.050000 -0.065315 
lower 0.141609 0.050000 -0.065699 
lower 0.144365 0.050000 -0.066076 
lower 0.147143 0.050000 -0.066445 
lower 0.149943 0.050000 -0.066807 
lower 0.152765 0.050000 -0.067160 
lower 0.155609 0.050000 -0.067507 
lower 0.158473 0.050000 -0.067845 
lower 0.161359 0.050000 -0.068176 
lower 0.164266 0.050000 -0.068500 
lower 0.167194 0.050000 -0.068815 
lower 0.170142 0.050000 -0.069123 
lower 0.173111 0.050000 -0.069422 
lower 0.176100 0.050000 -0.069715 
lower 0.179109 0.050000 -0.069999 
lower 0.182138 0.050000 -0.070275 
lower 0.185187 0.050000 -0.070544 
lower 0.188255 0.050000 -0.070804 
lower 0.191343 0.050000 -0.071057 
lower 0.194449 0.050000 -0.071302 
lower 0.197575 0.050000 -0.071539 
lower 0.200719 0.050000 -0.071768 
lower 0.203882 0.050000 -0.071990 
lower 0.207064 0.050000 -0.072203 
lower 0.210263 0.050000 -0.072408 
lower 0.213481 0.050000 -0.072606 
lower 0.216716 0.050000 -0.072796 
lower 0.219969 0.050000 -0.072977 
lower 0.223239 0.050000 -0.073151 
lower 0.226526 0.050000 -0.073317 
lower 0.229830 0.050000 -0.073475 
lower 0.233151 0.050000 -0.073626 
lower 0.236489 0.050000 -0.073768 
lower 0.239842 0.050000 -0.073903 
lower 0.243212 0.050000 -0.074029 
lower 0.246598 0.050000 -0.074148 
lower 0.250000 0.050000 -0.074259 
lower 0.253417 0.050000 -0.074363 
lower 0.256850 0.050000 -0.074458 
lower 0.260297 0.050000 -0.074546 
lower 0.263759 0.050000 -0.074626 
lower 0.267236 0.050000 -0.074699 
lower 0.270728 0.050000 -0.074763 
lower 0.274233 0.050000 -0.074821 
lower 0.277753 0.050000 -0.074870 
lower 0.281286 0.050000 -0.074912 
lower 0.284833 0.050000 -0.074946 
lower 0.288394 0.050000 -0.074973 
lower 0.291967 0.050000 -0.074992 
lower 0.295553 0.050000 -0.075004 
lower 0.302764 0.050000 -0.075006 
lower 0.306387 0.050000 -0.074996 
lower 0.310023 0.050000 -0.074978 
lower 0.313670 0.050000 -0.074953 
lower 0.317329 0.050000 -0.074921 
lower 0.321000 0.050000 -0.074882 
lower 0.324681 0.050000 -0.074836 
lower 0.328374 0.050000 -0.074782 
lower 0.332076 0.050000 -0.074722 
lower 0.335790 0.050000 -0.074654 
lower 0.339513 0.050000 -0.074579 
lower 0.343247 0.050000 -0.074498 
lower 0.346990 0.050000 -0.074410 
lower 0.350743 0.050000 -0.074315 
lower 0.354505 0.050000 -0.074213 
lower 0.358275 0.050000 -0.074104 
lower 0.362055 0.050000 -0.073989 
lower 0.365843 0.050000 -0.073867 
lower 0.369640 0.050000 -0.073739 
lower 0.373445 0.050000 -0.073604 
lower 0.377257 0.050000 -0.073463 
lower 0.381077 0.050000 -0.073315 
lower 0.384905 0.050000 -0.073162 
lower 0.388740 0.050000 -0.073001 
lower 0.392581 0.050000 -0.072835 
lower 0.396429 0.050000 -0.072663 
lower 0.400284 0.050000 -0.072484 
lower 0.404145 0.050000 -0.072299 
lower 0.408011 0.050000 -0.072109 
lower 0.411884 0.050000 -0.071912 
lower 0.415762 0.050000 -0.071710 
lower 0.419645 0.050000 -0.071502 
lower 0.423533 0.050000 -0.071288 
lower 0.427426 0.050000 -0.071069 
lower 0.431323 0.050000 -0.070844 
lower 0.435225 0.050000 -0.070614 
lower 0.439130 0.050000 -0.070378 
lower 0.443040 0.050000 -0.070137 
lower 0.446953 0.050000 -0.069890 
lower 0.450869 0.050000 -0.069638 
lower 0.454788 0.050000 -0.069381 
lower 0.458710 0.050000 -0.069119 
lower 0.462635 0.050000 -0.068852 
lower 0.466562 0.050000 -0.068580 
lower 0.470491 0.050000 -0.068303 
lower 0.474422 0.050000 -0.068021 
lower 0.478354 0.050000 -0.067735 
lower 0.482288 0.050000 -0.067444 
lower 0.486223 0.050000 -0.067148 
lower 0.490159 0.050000 -0.066847 
lower 0.494095 0.050000 -0.066542 
lower 0.498032 0.050000 -0.066233 
lower 0.501968 0.050000 -0.065920 
lower 0.505905 0.050000 -0.065602 
lower 0.509841 0.050000 -0.065279 
lower 0.513777 0.050000 -0.064953 
lower 0.517712 0.050000 -0.064623 
lower 0.521646 0.050000 -0.064288 
lower 0.525578 0.050000 -0.063950 
lower 0.529509 0.050000 -0.063608 
lower 0.533438 0.050000 -0.063262 
lower 0.537365 0.050000 -0.062912 
lower 0.541290 0.050000 -0.062559 
lower 0.545212 0.050000 -0.062202 
lower 0.549131 0.050000 -0.061842 
lower 0.553047 0.050000 -0.061478 
lower 0.556960 0.050000 -0.061111 
lower 0.560870 0.050000 -0.060740 
lower 0.564775 0.050000 -0.060366 
lower 0.568677 0.050000 -0.059989 
lower 0.572574 0.050000 -0.059609 
lower 0.576467 0.050000 -0.059226 
lower 0.580355 0.050000 -0.058840 
lower 0.584238 0.050000 -0.058451 
lower 0.588116 0.050000 -0.058059 
lower 0.591989 0.050000 -0.057665 
lower 0.595855 0.050000 -0.057267 
lower 0.599716 0.050000 -0.056868 
lower 0.603571 0.050000 -0.056465 
lower 0.607419 0.050000 -0.056060 
lower 0.611260 0.050000 -0.055653 
lower 0.615095 0.050000 -0.055243 
lower 0.618923 0.050000 -0.054831 
lower 0.622743 0.050000 -0.054417 
lower 0.626555 0.050000 -0.054000 
lower 0.630360 0.050000 -0.053582 
lower 0.634157 0.050000 -0.053161 
lower 0.637945 0.050000 -0.052739 
lower 0.641725 0.050000 -0.052314 
lower 0.645495 0.050000 -0.051888 
lower 0.649257 0.050000 -0.051460 
lower 0.653010 0.050000 -0.051030 
lower 0.656753 0.050000 -0.050599 
lower 0.660487 0.050000 -0.050166 
lower 0.664210 0.050000 -0.049731 
lower 0.667924 0.050000 -0.049295 
lower 0.671626 0.050000 -0.048858 
lower 0.675319 0.050000 -0.048419 
lower 0.679000 0.050000 -0.047979 
lower 0.682671 0.050000 -0.047538 
lower 0.686330 0.050000 -0.047095 
lower 0.689977 0.050000 -0.046652 
lower 0.693613 0.050000 -0.046207 
lower 0.697236 0.050000 -0.045762 
lower 0.700848 0.050000 -0.045316 
lower 0.704447 0.050000 -0.044868 
lower 0.708033 0.050000 -0.044421 
lower 0.711606 0.050000 -0.043972 
lower 0.715167 0.050000 -0.043522 
lower 0.718714 0.050000 -0.043072 
lower 0.722247 0.050000 -0.042622 
lower 0.725767 0.050000 -0.042171 
lower 0.729272 0.050000 -0.041720 
lower 0.732764 0.050000 -0.041268 
lower 0.736241 0.050000 -0.040816 
lower 0.739703 0.050000 -0.040363 
lower 0.743150 0.050000 -0.039911 
lower 0.746583 0.050000 -0.039458 
lower 0.750000 0.050000 -0.039005 
lower 0.753402 0.050000 -0.038553 
lower 0.756788 0.050000 -0.038100 
lower 0.760158 0.050000 -0.037647 
lower 0.763511 0.050000 -0.037195 
lower 0.766849 0.050000 -0.036743 
lower 0.770170 0.050000 -0.036291 
lower 0.773474 0.050000 -0.035839 
lower 0.776761 0.050000 -0.035388 
lower 0.780031 0.050000 -0.034937 
lower 0.783284 0.050000 -0.034487 
lower 0.786519 0.050000 -0.034038 
lower 0.789737 0.050000 -0.033589 
lower 0.792936 0.050000 -0.033140 
lower 0.796118 0.050000 -0.032693 
lower 0.799281 0.050000 -0.032246 
lower 0.802425 0.050000 -0.031800 
lower 0.805551 0.050000 -0.031355 
lower 0.808657 0.050000 -0.030911 
lower 0.811745 0.050000 -0.030468 
lower 0.814813 0.050000 -0.030026 
lower 0.817862 0.050000 -0.029585 
lower 0.820891 0.050000 -0.029145 
lower 0.823900 0.050000 -0.028707 
lower 0.826889 0.050000 -0.028269 
lower 0.829858 0.050000 -0.027834 
lower 0.832806 0.050000 -0.027399 
lower 0.835734 0.050000 -0.026967 
lower 0.838641 0.050000 -0.026535 
lower 0.841527 0.050000 -0.026105 
lower 0.844391 0.050000 -0.025677 
lower 0.847235 0.050000 -0.025251 
lower 0.850057 0.050000 -0.024826 
lower 0.852857 0.050000 -0.024404 
lower 0.855635 0.050000 -0.023983 
lower 0.858391 0.050000 -0.023564 
lower 0.861125 0.050000 -0.023146 
lower 0.863837 0.050000 -0.022731 
lower 0.866526 0.050000 -0.022319 
lower 0.869192 0.050000 -0.021908 
lower 0.871836 0.050000 -0.021499 
lower 0.874456 0.050000 -0.021093 
lower 0.877053 0.050000 -0.020689 
lower 0.879627 0.050000 -0.020287 
lower 0.882177 0.050000 -0.019888 
lower 0.884704 0.050000 -0.019491 
lower 0.887207 0.050000 -0.019097 
lower 0.889685 0.050000 -0.018705 
lower 0.892140 0.050000 -0.018317 
lower 0.894570 0.050000 -0.017930 
lower 0.896976 0.050000 -0.017547 
lower 0.899357 0.050000 -0.017166 
lower 0.901714 0.050000 -0.016788 
lower 0.904045 0.050000 -0.016413 
lower 0.906352 0.050000 -0.016041 
lower 0.908633 0.050000 -0.015672 
lower 0.910889 0.050000 -0.015307 
lower 0.913119 0.050000 -0.014944 
lower 0.915324 0.050000 -0.014584 
lower 0.917503 0.050000 -0.014228 
lower 0.919657 0.050000 -0.013875 
lower 0.921784 0.050000 -0.013525 
lower 0.923885 0.050000 -0.013179 
lower 0.925960 0.050000 -0.012836 
lower 0.928008 0.050000 -0.012497 
lower 0.930030 0.050000 -0.012161 
lower 0.932025 0.050000 -0.011829 
lower 0.933994 0.050000 -0.011501 
lower 0.935935 0.050000 -0.011176 
lower 0.937850 0.050000 -0.010855 
lower 0.939737 0.050000 -0.010537 
lower 0.941597 0.050000 -0.010224 
lower 0.943430 0.050000 -0.009915 
lower 0.945235 0.050000 -0.009609 
lower 0.947012 0.050000 -0.009307 
lower 0.948762 0.050000 -0.009010 
lower 0.950484 0.050000 -0.008717 
lower 0.952179 0.050000 -0.008427 
lower 0.953845 0.050000 -0.008142 
lower 0.955483 0.050000 -0.007861 
lower 0.957092 0.050000 -0.007585 
lower 0.958674 0.050000 -0.007312 
lower 0.960227 0.050000 -0.007045 
lower 0.961751 0.050000 -0.006781 
lower 0.963247 0.050000 -0.006522 
lower 0.964714 0.050000 -0.006268 
lower 0.966152 0.050000 -0.006018 
lower 0.967562 0.050000 -0.005772 
lower 0.968942 0.050000 -0.005531 
lower 0.970294 0.050000 -0.005295 
lower 0.971616 0.050000 -0.005064 
lower 0.972909 0.050000 -0.004837 
lower 0.974172 0.050000 -0.004615 
lower 0.975406 0.050000 -0.004398 
lower 0.976611 0.050000 -0.004186 
lower 0.977786 0.050000 -0.003979 
lower 0.978932 0.050000 -0.003776 
lower 0.980048 0.050000 -0.003579 
lower 0.981134 0.050000 -0.003386 
lower 0.982190 0.050000 -0.003199 
lower 0.983217 0.050000 -0.003016 
lower 0.984213 0.050000 -0.002839 
lower 0.985180 0.050000 -0.002667 
lower 0.986116 0.050000 -0.002500 
lower 0.987022 0.050000 -0.002338 
lower 0.987898 0.050000 -0.002182 
lower 0.988744 0.050000 -0.002030 
lower 0.989559 0.050000 -0.001884 
lower 0.990345 0.050000 -0.001743 
lower 0.991099 0.050000 -0.001608 
lower 0.991824 0.050000 -0.001478 
lower 0.992517 0.050000 -0.001353 
lower 0.993181 0.050000 -0.001234 
lower 0.993813 0.050000 -0.001120 
lower 0.994415 0.050000 -0.001011 
lower 0.994987 0.050000 -0.000908 
lower 0.995528 0.050000 -0.000810 
lower 0.996038 0.050000 -0.000718 
lower 0.996517 0.050000 -0.000631 
lower 0.996965 0.050000 -0.000550 
lower 0.997383 0.050000 -0.000475 
lower 0.997770 0.050000 -0.000405 
lower 0.998126 0.050000 -0.000340 
lower 0.998451 0.050000 -0.000281 
lower 0.998745 0.050000 -0.000228 
lower 0.999008 0.050000 -0.000180 
lower 0.999241 0.050000 -0.000138 
lower 0.999442 0.050000 -0.000101 
lower 0.999613 0.050000 -0.000070 
lower 0.999752 0.050000 -0.000045 
lower 0.999861 0.050000 -0.000025 
lower 0.999938 0.050000 -0.000011 
lower 0.999985 0.050000 -0.000003 
